"Age_yrs_b2k" "norm_units" "error"
10600 0.756 0.227
10625 0.762 0.221
10650 0.777 0.215
10675 0.767 0.211
10700 0.766 0.203
10725 0.757 0.196
10750 0.744 0.188
10775 0.733 0.179
10800 0.718 0.172
10825 0.708 0.168
10850 0.695 0.158
10875 0.672 0.151
10900 0.646 0.146
10925 0.628 0.137
10950 0.615 0.133
10975 0.614 0.126
11000 0.608 0.127
11025 0.603 0.127
11050 0.598 0.12
11075 0.595 0.117
11100 0.586 0.115
11125 0.586 0.112
11150 0.589 0.111
11175 0.584 0.111
11200 0.581 0.114
11225 0.576 0.112
11250 0.563 0.113
11275 0.554 0.114
11300 0.55 0.111
11325 0.546 0.111
11350 0.54 0.113
11375 0.529 0.109
11400 0.499 0.104
11425 0.478 0.102
11450 0.45 0.101
11475 0.437 0.1
11500 0.412 0.1
11525 0.376 0.103
11550 0.329 0.109
11575 0.274 0.112
11600 0.227 0.108
11625 0.187 0.103
11650 0.15 0.1
11675 0.125 0.099
11700 0.095 0.098
11725 0.076 0.102
11750 0.063 0.096
11775 0.06 0.1
11800 0.059 0.104
11825 0.087 0.097
11850 0.093 0.098
11875 0.088 0.1
11900 0.085 0.096
11925 0.08 0.097
11950 0.086 0.097
11975 0.07 0.1
12000 0.062 0.103
12025 0.053 0.104
12050 0.012 0.102
12075 -0.014 0.1
12100 -0.023 0.094
12125 -0.022 0.088
12150 0.007 0.087
12175 0.019 0.086
12200 0.029 0.089
12225 0.036 0.091
12250 0.061 0.09
12275 0.072 0.089
12300 0.046 0.095
12325 0.006 0.098
12350 -0.012 0.097
12375 -0.022 0.096
12400 -0.027 0.096
12425 -0.017 0.095
12450 0.006 0.097
12475 0.044 0.101
12500 0.077 0.097
12525 0.113 0.092
12550 0.146 0.089
12575 0.165 0.088
12600 0.191 0.089
12625 0.223 0.097
12650 0.263 0.102
12675 0.292 0.101
12700 0.301 0.107
12725 0.313 0.107
12750 0.329 0.107
12775 0.35 0.099
12800 0.387 0.102
12825 0.425 0.107
12850 0.475 0.116
12875 0.525 0.128
12900 0.579 0.136
12925 0.619 0.132
12950 0.645 0.121
12975 0.658 0.111
13000 0.661 0.107
13025 0.667 0.107
13050 0.655 0.119
13075 0.649 0.131
13100 0.645 0.132
13125 0.651 0.131
13150 0.669 0.131
13175 0.687 0.121
13200 0.69 0.118
13225 0.675 0.121
13250 0.668 0.121
13275 0.657 0.126
13300 0.649 0.121
13325 0.67 0.118
13350 0.676 0.117
13375 0.681 0.115
13400 0.682 0.115
13425 0.707 0.125
13450 0.738 0.134
13475 0.779 0.142
13500 0.813 0.144
13525 0.824 0.142
13550 0.802 0.146
13575 0.765 0.145
13600 0.736 0.139
13625 0.727 0.139
13650 0.74 0.142
13675 0.74 0.141
13700 0.745 0.143
13725 0.735 0.135
13750 0.722 0.125
13775 0.71 0.126
13800 0.709 0.124
13825 0.701 0.125
13850 0.669 0.12
13875 0.63 0.118
13900 0.587 0.113
13925 0.56 0.109
13950 0.531 0.107
13975 0.504 0.1
14000 0.463 0.094
14025 0.438 0.092
14050 0.436 0.097
14075 0.439 0.107
14100 0.427 0.109
14125 0.424 0.106
14150 0.419 0.107
14175 0.438 0.106
14200 0.448 0.107
14225 0.442 0.107
14250 0.422 0.107
14275 0.402 0.108
14300 0.389 0.115
14325 0.368 0.116
14350 0.343 0.12
14375 0.317 0.122
14400 0.297 0.121
14425 0.277 0.122
14450 0.253 0.124
14475 0.206 0.13
14500 0.151 0.137
14525 0.089 0.14
14550 0.014 0.138
14575 -0.048 0.137
14600 -0.128 0.136
14625 -0.189 0.126
14650 -0.252 0.126
14675 -0.332 0.121
14700 -0.403 0.116
14725 -0.457 0.118
14750 -0.513 0.121
14775 -0.545 0.124
14800 -0.597 0.119
14825 -0.642 0.128
14850 -0.698 0.13
14875 -0.717 0.132
14900 -0.738 0.125
14925 -0.765 0.124
14950 -0.794 0.121
14975 -0.797 0.121
15000 -0.793 0.12
15025 -0.788 0.119
15050 -0.779 0.114
15075 -0.771 0.111
15100 -0.758 0.102
15125 -0.759 0.099
15150 -0.768 0.105
15175 -0.781 0.107
15200 -0.789 0.111
15225 -0.772 0.117
15250 -0.777 0.124
15275 -0.786 0.13
15300 -0.803 0.133
15325 -0.808 0.127
15350 -0.803 0.118
15375 -0.79 0.117
15400 -0.796 0.106
15425 -0.809 0.103
15450 -0.824 0.106
15475 -0.846 0.107
15500 -0.862 0.113
15525 -0.861 0.12
15550 -0.83 0.14
15575 -0.74 0.156
15600 -0.683 0.173
15625 -0.664 0.187
15650 -0.656 0.17
15675 -0.656 0.16
15700 -0.699 0.153
15725 -0.735 0.143
15750 -0.76 0.139
15775 -0.769 0.135
15800 -0.754 0.142
15825 -0.734 0.156
15850 -0.715 0.168
15875 -0.68 0.165
15900 -0.657 0.166
15925 -0.641 0.159
15950 -0.652 0.153
15975 -0.651 0.151
16000 -0.663 0.147
16025 -0.661 0.14
16050 -0.649 0.136
16075 -0.639 0.144
16100 -0.627 0.169
16125 -0.627 0.187
16150 -0.607 0.209
16175 -0.58 0.223
16200 -0.52 0.219
16225 -0.478 0.213
16250 -0.459 0.188
16275 -0.449 0.175
16300 -0.436 0.154
16325 -0.43 0.149
16350 -0.432 0.148
16375 -0.454 0.149
16400 -0.487 0.151
16425 -0.495 0.161
16450 -0.475 0.183
16475 -0.417 0.193
16500 -0.34 0.188
16525 -0.276 0.175
16550 -0.268 0.158
16575 -0.287 0.158
16600 -0.314 0.158
16625 -0.345 0.158
16650 -0.381 0.157
16675 -0.418 0.151
16700 -0.419 0.14
16725 -0.387 0.139
16750 -0.344 0.139
16775 -0.287 0.132
16800 -0.261 0.124
16825 -0.239 0.106
16850 -0.227 0.103
16875 -0.227 0.103
16900 -0.227 0.102
16925 -0.231 0.094
16950 -0.222 0.095
16975 -0.222 0.095
17000 -0.231 0.09
17025 -0.243 0.092
17050 -0.261 0.088
17075 -0.274 0.086
17100 -0.278 0.084
17125 -0.281 0.089
17150 -0.281 0.1
17175 -0.281 0.111
17200 -0.272 0.131
17225 -0.192 0.148
17250 -0.103 0.144
17275 -0.039 0.103
17300 0.012 0.096
17325 0.047 0.09
17350 0.062 0.093
17375 0.066 0.104
17400 0.061 0.117
17425 0.056 0.124
17450 0.055 0.127
17475 0.084 0.13
17500 0.115 0.137
17525 0.12 0.144
17550 0.114 0.147
17575 0.082 0.142
17600 0.051 0.135
17625 0.031 0.127
17650 0.029 0.118
17675 0.029 0.111
17700 0.014 0.104
17725 0.01 0.109
17750 0.008 0.118
17775 0.008 0.124
17800 0.036 0.128
17825 0.066 0.133
17850 0.1 0.139
17875 0.125 0.145
17900 0.169 0.153
17925 0.231 0.151
17950 0.261 0.139
17975 0.285 0.129
18000 0.304 0.123
18025 0.304 0.116
18050 0.3 0.112
18075 0.308 0.105
18100 0.306 0.104
18125 0.314 0.106
18150 0.33 0.107
18175 0.331 0.11
18200 0.335 0.11
18225 0.328 0.114
18250 0.314 0.115
18275 0.3 0.112
18300 0.279 0.108
18325 0.278 0.104
18350 0.275 0.101
18375 0.282 0.102
18400 0.279 0.101
18425 0.268 0.102
18450 0.255 0.102
18475 0.25 0.1
18500 0.261 0.108
18525 0.29 0.109
18550 0.31 0.106
18575 0.33 0.101
18600 0.346 0.107
18625 0.362 0.121
18650 0.378 0.137
18675 0.368 0.159
18700 0.368 0.199
18725 0.391 0.227
18750 0.477 0.24
18775 0.591 0.23
18800 0.593 0.212
18825 0.567 0.207
18850 0.479 0.205
18875 0.409 0.198
18900 0.367 0.181
18925 0.363 0.174
18950 0.4 0.169
18975 0.449 0.159
19000 0.476 0.14
19025 0.378 0.149
19050 0.312 0.117
19075 0.305 0.098
19100 0.296 0.093
19125 0.283 0.091
19150 0.273 0.092
19175 0.263 0.093
19200 0.259 0.088
19225 0.263 0.091
19250 0.261 0.094
19275 0.264 0.098
19300 0.266 0.103
19325 0.271 0.109
19350 0.278 0.115
19375 0.293 0.121
19400 0.32 0.129
19425 0.29 0.14
19450 0.238 0.123
19475 0.229 0.111
19500 0.226 0.105
19525 0.239 0.103
19550 0.245 0.102
19575 0.235 0.105
19600 0.226 0.112
19625 0.218 0.117
19650 0.194 0.12
19675 0.173 0.12
19700 0.167 0.12
19725 0.172 0.115
19750 0.185 0.113
19775 0.186 0.111
19800 0.183 0.11
19825 0.178 0.11
19850 0.168 0.11
19875 0.161 0.116
19900 0.14 0.124
19925 0.126 0.126
19950 0.103 0.131
19975 0.076 0.137
20000 0.04 0.138
20025 0.011 0.136
20050 -0.015 0.134
20075 -0.039 0.131
20100 -0.05 0.123
20125 -0.058 0.115
20150 -0.059 0.102
20175 -0.057 0.094
20200 -0.055 0.087
20225 -0.052 0.082
20250 -0.048 0.076
20275 -0.044 0.073
20300 -0.041 0.072
20325 -0.039 0.072
20350 -0.044 0.072
20375 -0.052 0.073
20400 -0.06 0.071
20425 -0.063 0.068
20450 -0.066 0.065
20475 -0.065 0.063
20500 -0.062 0.064
20525 -0.055 0.064
20550 -0.048 0.065
20575 -0.034 0.07
20600 -0.021 0.074
20625 -0.001 0.072
20650 0.013 0.07
20675 0.021 0.069
20700 0.026 0.071
20725 0.024 0.078
20750 0.014 0.082
20775 -0.009 0.088
20800 -0.031 0.091
20825 -0.051 0.09
20850 -0.062 0.087
20875 -0.06 0.083
20900 -0.05 0.078
20925 -0.042 0.076
20950 -0.042 0.075
20975 -0.049 0.078
21000 -0.047 0.078
21025 -0.037 0.082
21050 -0.019 0.081
21075 -0.002 0.074
21100 0.01 0.067
21125 0.014 0.059
21150 0.017 0.055
21175 0.02 0.058
21200 0.015 0.07
21225 -0.01 0.08
21250 -0.028 0.087
21275 -0.032 0.088
21300 -0.024 0.091
21325 -0.007 0.092
21350 -0.009 0.091
21375 -0.03 0.091
21400 -0.058 0.088
21425 -0.077 0.082
21450 -0.089 0.073
21475 -0.094 0.067
21500 -0.097 0.065
21525 -0.09 0.063
21550 -0.085 0.063
21575 -0.079 0.063
21600 -0.074 0.063
21625 -0.068 0.063
21650 -0.069 0.064
21675 -0.063 0.064
21700 -0.057 0.065
21725 -0.056 0.064
21750 -0.051 0.064
21775 -0.047 0.065
21800 -0.039 0.068
21825 -0.038 0.073
21850 -0.033 0.086
21875 -0.02 0.095
21900 -0.029 0.101
21925 -0.041 0.112
21950 -0.077 0.113
21975 -0.116 0.112
22000 -0.138 0.099
22025 -0.147 0.089
22050 -0.151 0.082
22075 -0.153 0.077
22100 -0.15 0.077
22125 -0.141 0.079
22150 -0.122 0.08
22175 -0.098 0.08
22200 -0.076 0.076
22225 -0.066 0.07
22250 -0.059 0.064
22275 -0.058 0.062
22300 -0.064 0.062
22325 -0.07 0.062
22350 -0.079 0.062
22375 -0.082 0.06
22400 -0.085 0.061
22425 -0.086 0.065
22450 -0.078 0.067
22475 -0.066 0.068
22500 -0.052 0.069
22525 -0.041 0.069
22550 -0.031 0.07
22575 -0.025 0.074
22600 -0.034 0.08
22625 -0.058 0.083
22650 -0.078 0.082
22675 -0.093 0.076
22700 -0.1 0.07
22725 -0.099 0.067
22750 -0.096 0.068
22775 -0.085 0.069
22800 -0.074 0.072
22825 -0.057 0.072
22850 -0.046 0.074
22875 -0.033 0.075
22900 -0.03 0.078
22925 -0.021 0.084
22950 -0.017 0.086
22975 -0.011 0.096
23000 -0.02 0.105
23025 -0.051 0.119
23050 -0.088 0.12
23075 -0.109 0.116
23100 -0.102 0.113
23125 -0.083 0.107
23150 -0.062 0.096
23175 -0.053 0.084
23200 -0.05 0.072
23225 -0.05 0.064
23250 -0.054 0.059
23275 -0.052 0.059
23300 -0.053 0.063
23325 -0.048 0.071
23350 -0.038 0.08
23375 -0.025 0.084
23400 -0.014 0.084
23425 -0.005 0.08
23450 0.003 0.079
23475 0.013 0.077
23500 0.021 0.075
23525 0.028 0.071
23550 0.029 0.071
23575 0.026 0.077
23600 0.013 0.081
23625 -0.011 0.076
23650 -0.023 0.072
23675 -0.023 0.069
23700 -0.03 0.07
23725 -0.048 0.073
23750 -0.071 0.085
23775 -0.094 0.087
23800 -0.12 0.085
23825 -0.14 0.079
23850 -0.152 0.077
23875 -0.151 0.073
23900 -0.148 0.071
23925 -0.142 0.072
23950 -0.142 0.08
23975 -0.155 0.098
24000 -0.184 0.124
24025 -0.226 0.144
24050 -0.316 0.151
24075 -0.372 0.141
24100 -0.386 0.128
24125 -0.392 0.123
24150 -0.391 0.115
24175 -0.385 0.114
24200 -0.382 0.112
24225 -0.377 0.111
24250 -0.374 0.114
24275 -0.371 0.113
24300 -0.375 0.117
24325 -0.373 0.117
24350 -0.37 0.117
24375 -0.366 0.117
24400 -0.364 0.118
24425 -0.359 0.12
24450 -0.35 0.117
24475 -0.346 0.116
24500 -0.347 0.122
24525 -0.337 0.133
24550 -0.322 0.161
24575 -0.283 0.185
24600 -0.165 0.189
24625 -0.055 0.182
24650 -0.007 0.163
24675 0.012 0.131
24700 0.035 0.087
24725 0.044 0.064
24750 0.04 0.057
24775 0.035 0.056
24800 0.028 0.056
24825 0.023 0.059
24850 0.014 0.066
24875 0.007 0.074
24900 -0.004 0.079
24925 -0.013 0.082
24950 -0.022 0.085
24975 -0.028 0.081
25000 -0.022 0.077
25025 -0.015 0.073
25050 -0.005 0.068
25075 -0.001 0.065
25100 -0.004 0.068
25125 -0.011 0.072
25150 -0.03 0.077
25175 -0.056 0.08
25200 -0.077 0.08
25225 -0.094 0.077
25250 -0.109 0.076
25275 -0.119 0.074
25300 -0.125 0.076
25325 -0.122 0.08
25350 -0.12 0.087
25375 -0.113 0.091
25400 -0.105 0.092
25425 -0.094 0.094
25450 -0.081 0.097
25475 -0.062 0.098
25500 -0.038 0.105
25525 -0.007 0.099
25550 0.004 0.092
25575 -0.002 0.092
25600 -0.025 0.094
25625 -0.055 0.096
25650 -0.085 0.098
25675 -0.107 0.093
25700 -0.128 0.088
25725 -0.138 0.083
25750 -0.15 0.082
25775 -0.16 0.085
25800 -0.153 0.086
25825 -0.138 0.091
25850 -0.125 0.09
25875 -0.109 0.09
25900 -0.102 0.091
25925 -0.099 0.086
25950 -0.099 0.091
25975 -0.101 0.094
26000 -0.105 0.099
26025 -0.102 0.104
26050 -0.079 0.105
26075 -0.063 0.107
26100 -0.046 0.103
26125 -0.026 0.098
26150 -0.018 0.086
26175 -0.013 0.082
26200 -0.016 0.082
26225 -0.017 0.082
26250 -0.017 0.083
26275 -0.015 0.089
26300 -0.004 0.096
26325 0.016 0.096
26350 0.043 0.101
26375 0.064 0.105
26400 0.077 0.111
26425 0.084 0.113
26450 0.093 0.128
26475 0.093 0.138
26500 0.082 0.146
26525 0.059 0.151
26550 0.035 0.153
26575 0.023 0.14
26600 0.016 0.122
26625 0.009 0.108
26650 0.003 0.101
26675 0.005 0.1
26700 0.011 0.107
26725 0.023 0.12
26750 0.033 0.131
26775 0.053 0.138
26800 0.094 0.15
26825 0.133 0.148
26850 0.158 0.133
26875 0.162 0.125
26900 0.156 0.116
26925 0.15 0.108
26950 0.143 0.097
26975 0.137 0.092
27000 0.129 0.085
27025 0.12 0.083
27050 0.108 0.081
27075 0.102 0.081
27100 0.091 0.077
27125 0.081 0.078
27150 0.069 0.079
27175 0.064 0.076
27200 0.057 0.074
27225 0.055 0.072
27250 0.057 0.07
27275 0.057 0.071
27300 0.059 0.072
27325 0.065 0.072
27350 0.067 0.071
27375 0.071 0.069
27400 0.079 0.07
27425 0.092 0.071
27450 0.106 0.074
27475 0.116 0.076
27500 0.124 0.076
27525 0.134 0.078
27550 0.148 0.082
27575 0.167 0.088
27600 0.18 0.092
27625 0.195 0.099
27650 0.212 0.102
27675 0.231 0.104
27700 0.261 0.105
27725 0.284 0.103
27750 0.305 0.101
27775 0.318 0.1
27800 0.322 0.103
27825 0.317 0.113
27850 0.311 0.125
27875 0.296 0.14
27900 0.263 0.154
27925 0.229 0.155
27950 0.196 0.156
27975 0.14 0.15
28000 0.093 0.139
28025 0.067 0.127
28050 0.062 0.114
28075 0.053 0.105
28100 0.052 0.092
28125 0.044 0.084
28150 0.04 0.078
28175 0.036 0.073
28200 0.036 0.07
28225 0.032 0.067
28250 0.03 0.064
28275 0.03 0.063
28300 0.028 0.064
28325 0.031 0.064
28350 0.031 0.065
28375 0.034 0.065
28400 0.036 0.067
28425 0.037 0.07
28450 0.044 0.073
28475 0.047 0.073
28500 0.052 0.074
28525 0.054 0.074
28550 0.05 0.072
28575 0.05 0.07
28600 0.046 0.074
28625 0.038 0.075
28650 0.032 0.08
28675 0.027 0.078
28700 0.024 0.083
28725 0.022 0.089
28750 0.028 0.094
28775 0.039 0.102
28800 0.052 0.109
28825 0.079 0.113
28850 0.116 0.119
28875 0.138 0.119
28900 0.167 0.119
28925 0.192 0.115
28950 0.216 0.112
28975 0.243 0.11
29000 0.27 0.109
29025 0.296 0.109
29050 0.32 0.107
29075 0.337 0.105
29100 0.352 0.106
29125 0.364 0.105
29150 0.368 0.111
29175 0.367 0.123
29200 0.36 0.133
29225 0.336 0.145
29250 0.293 0.154
29275 0.227 0.149
29300 0.199 0.137
29325 0.179 0.129
29350 0.16 0.117
29375 0.15 0.108
29400 0.134 0.096
29425 0.12 0.094
29450 0.107 0.094
29475 0.094 0.093
29500 0.075 0.096
29525 0.048 0.096
29550 0.026 0.095
29575 0.009 0.092
29600 -0.007 0.088
29625 -0.018 0.086
29650 -0.023 0.088
29675 -0.032 0.09
29700 -0.036 0.088
29725 -0.036 0.085
29750 -0.039 0.084
29775 -0.042 0.083
29800 -0.044 0.081
29825 -0.046 0.079
29850 -0.049 0.077
29875 -0.05 0.074
29900 -0.048 0.072
29925 -0.052 0.07
29950 -0.052 0.069
29975 -0.051 0.07
30000 -0.056 0.073
30025 -0.057 0.078
30050 -0.056 0.078
30075 -0.06 0.081
30100 -0.064 0.084
30125 -0.068 0.084
30150 -0.072 0.083
30175 -0.065 0.081
30200 -0.058 0.079
30225 -0.05 0.076
30250 -0.047 0.071
30275 -0.04 0.07
30300 -0.035 0.069
30325 -0.028 0.067
30350 -0.017 0.064
30375 -0.01 0.061
30400 -0.005 0.06
30425 0.002 0.06
30450 0.005 0.061
30475 0.01 0.061
30500 0.015 0.062
30525 0.021 0.064
30550 0.024 0.066
30575 0.032 0.07
30600 0.037 0.077
30625 0.042 0.083
30650 0.048 0.09
30675 0.054 0.097
30700 0.058 0.105
30725 0.068 0.112
30750 0.079 0.117
30775 0.092 0.12
30800 0.112 0.123
30825 0.144 0.124
30850 0.178 0.124
30875 0.204 0.123
30900 0.215 0.118
30925 0.224 0.115
30950 0.229 0.108
30975 0.232 0.103
31000 0.233 0.098
31025 0.233 0.095
31050 0.228 0.094
31075 0.227 0.096
31100 0.217 0.097
31125 0.21 0.1
31150 0.193 0.103
31175 0.175 0.104
31200 0.15 0.104
31225 0.126 0.102
31250 0.109 0.097
31275 0.092 0.092
31300 0.081 0.085
31325 0.072 0.078
31350 0.066 0.072
31375 0.06 0.067
31400 0.058 0.062
31425 0.057 0.058
31450 0.057 0.055
31475 0.056 0.055
31500 0.056 0.055
31525 0.053 0.054
31550 0.052 0.054
31575 0.051 0.055
31600 0.048 0.057
31625 0.045 0.058
31650 0.042 0.06
31675 0.037 0.061
31700 0.035 0.062
31725 0.034 0.065
31750 0.028 0.069
31775 0.024 0.07
31800 0.015 0.072
31825 0.009 0.075
31850 0.002 0.077
31875 -0.006 0.079
31900 -0.01 0.081
31925 -0.015 0.085
31950 -0.015 0.089
31975 -0.015 0.094
32000 -0.017 0.101
32025 -0.014 0.107
32050 -0.011 0.112
32075 -0.001 0.121
32100 0.009 0.127
32125 0.021 0.133
32150 0.038 0.138
32175 0.058 0.14
32200 0.088 0.144
32225 0.112 0.144
32250 0.138 0.144
32275 0.154 0.144
32300 0.174 0.142
32325 0.188 0.136
32350 0.196 0.132
32375 0.207 0.129
32400 0.211 0.128
32425 0.221 0.126
32450 0.229 0.126
32475 0.24 0.13
32500 0.243 0.132
32525 0.254 0.134
32550 0.252 0.139
32575 0.255 0.146
32600 0.255 0.151
32625 0.254 0.155
32650 0.247 0.162
32675 0.241 0.169
32700 0.232 0.173
32725 0.225 0.178
32750 0.209 0.18
32775 0.185 0.183
32800 0.162 0.185
32825 0.085 0.185
32850 0.042 0.182
32875 0.01 0.179
32900 -0.006 0.176
32925 -0.021 0.17
32950 -0.034 0.164
32975 -0.036 0.158
33000 -0.044 0.152
33025 -0.049 0.147
33050 -0.052 0.14
33075 -0.055 0.135
33100 -0.055 0.129
33125 -0.055 0.123
33150 -0.057 0.117
33175 -0.058 0.11
33200 -0.059 0.104
33225 -0.06 0.098
33250 -0.064 0.092
33275 -0.064 0.089
33300 -0.066 0.088
33325 -0.067 0.085
33350 -0.071 0.083
33375 -0.073 0.083
33400 -0.074 0.084
33425 -0.072 0.085
33450 -0.072 0.087
33475 -0.07 0.09
33500 -0.071 0.094
33525 -0.072 0.099
33550 -0.073 0.103
33575 -0.074 0.108
33600 -0.074 0.112
33625 -0.07 0.117
33650 -0.072 0.123
33675 -0.066 0.127
33700 -0.063 0.129
33725 -0.059 0.132
33750 -0.05 0.137
33775 -0.032 0.138
33800 -0.019 0.142
33825 0.007 0.144
33850 0.024 0.144
33875 0.032 0.145
33900 0.044 0.145
33925 0.053 0.146
33950 0.06 0.148
33975 0.07 0.15
34000 0.068 0.152
34025 0.075 0.152
34050 0.069 0.155
34075 0.064 0.157
34100 0.052 0.159
34125 0.042 0.159
34150 0.024 0.156
34175 -0.011 0.155
34200 -0.032 0.155
34225 -0.051 0.151
34250 -0.065 0.149
34275 -0.078 0.144
34300 -0.082 0.136
34325 -0.09 0.128
34350 -0.098 0.121
34375 -0.101 0.113
34400 -0.107 0.107
34425 -0.109 0.102
34450 -0.113 0.097
34475 -0.115 0.094
34500 -0.118 0.092
34525 -0.12 0.091
34550 -0.122 0.091
34575 -0.122 0.089
34600 -0.123 0.088
34625 -0.121 0.089
34650 -0.119 0.09
34675 -0.114 0.093
34700 -0.111 0.096
34725 -0.109 0.1
34750 -0.107 0.104
34775 -0.103 0.106
34800 -0.091 0.109
34825 -0.082 0.113
34850 -0.068 0.117
34875 -0.05 0.12
34900 -0.038 0.122
34925 -0.019 0.125
34950 -0.007 0.124
34975 0.006 0.124
35000 0.013 0.124
35025 0.024 0.125
35050 0.032 0.126
35075 0.044 0.124
35100 0.047 0.124
35125 0.053 0.123
35150 0.058 0.12
35175 0.068 0.12
35200 0.075 0.118
35225 0.08 0.117
35250 0.091 0.117
35275 0.097 0.118
35300 0.1 0.117
35325 0.109 0.117
35350 0.117 0.116
35375 0.122 0.115
35400 0.129 0.114
35425 0.137 0.113
35450 0.139 0.112
35475 0.142 0.109
35500 0.142 0.107
35525 0.144 0.108
35550 0.145 0.108
35575 0.146 0.109
35600 0.144 0.111
35625 0.144 0.111
35650 0.144 0.113
35675 0.147 0.112
35700 0.145 0.115
35725 0.143 0.117
35750 0.141 0.12
35775 0.137 0.124
35800 0.131 0.127
35825 0.131 0.13
35850 0.126 0.133
35875 0.124 0.135
35900 0.12 0.137
35925 0.114 0.14
35950 0.105 0.142
35975 0.092 0.14
36000 0.076 0.142
36025 0.049 0.143
36050 0.009 0.143
36075 -0.032 0.14
36100 -0.046 0.136
36125 -0.057 0.133
36150 -0.067 0.125
36175 -0.08 0.121
36200 -0.081 0.115
36225 -0.085 0.106
36250 -0.091 0.102
36275 -0.096 0.097
36300 -0.095 0.091
36325 -0.094 0.089
36350 -0.09 0.089
36375 -0.089 0.094
36400 -0.085 0.098
36425 -0.081 0.105
36450 -0.077 0.108
36475 -0.073 0.113
36500 -0.071 0.121
36525 -0.066 0.129
36550 -0.067 0.133
36575 -0.07 0.138
36600 -0.069 0.14
36625 -0.068 0.142
36650 -0.068 0.145
36675 -0.062 0.15
36700 -0.064 0.154
36725 -0.057 0.159
36750 -0.051 0.16
36775 -0.039 0.166
36800 -0.029 0.168
36825 -0.012 0.172
36850 0.004 0.172
36875 0.02 0.174
36900 0.038 0.173
36925 0.053 0.172
36950 0.063 0.174
36975 0.074 0.174
37000 0.085 0.172
37025 0.095 0.169
37050 0.105 0.166
37075 0.112 0.16
37100 0.121 0.151
37125 0.132 0.141
37150 0.138 0.125
37175 0.15 0.111
37200 0.155 0.116
37225 0.156 0.119
37250 0.159 0.123
37275 0.161 0.128
37300 0.172 0.129
37325 0.175 0.132
37350 0.182 0.135
37375 0.197 0.136
37400 0.218 0.136
37425 0.233 0.137
37450 0.248 0.137
37475 0.262 0.133
37500 0.263 0.13
37525 0.273 0.128
37550 0.273 0.125
37575 0.278 0.12
37600 0.278 0.115
37625 0.28 0.111
37650 0.276 0.104
37675 0.275 0.099
37700 0.275 0.093
37725 0.271 0.091
37750 0.269 0.089
37775 0.267 0.091
37800 0.269 0.09
37825 0.263 0.092
37850 0.259 0.09
37875 0.261 0.093
37900 0.261 0.098
37925 0.26 0.102
37950 0.26 0.103
37975 0.255 0.109
38000 0.253 0.112
38025 0.241 0.116
38050 0.237 0.127
38075 0.232 0.137
38100 0.224 0.146
38125 0.219 0.153
38150 0.207 0.154
38175 0.192 0.158
38200 0.182 0.168
38225 0.174 0.18
38250 0.161 0.188
38275 0.134 0.198
38300 0.121 0.206
38325 0.106 0.212
38350 0.092 0.214
38375 0.071 0.224
38400 0.06 0.226
38425 0.052 0.235
38450 0.035 0.24
38475 0.032 0.245
38500 0.01 0.247
38525 0.009 0.256
38550 -0.012 0.267
38575 -0.034 0.267
38600 -0.086 0.274
38625 -0.123 0.275
38650 -0.166 0.277
38675 -0.223 0.283
38700 -0.259 0.283
38725 -0.291 0.283
38750 -0.327 0.278
38775 -0.341 0.276
38800 -0.359 0.27
38825 -0.383 0.262
38850 -0.39 0.257
38875 -0.412 0.255
38900 -0.418 0.243
38925 -0.43 0.234
38950 -0.444 0.225
38975 -0.453 0.22
39000 -0.46 0.214
39025 -0.463 0.208
39050 -0.47 0.203
39075 -0.477 0.198
39100 -0.485 0.197
39125 -0.494 0.191
39150 -0.492 0.189
39175 -0.496 0.189
39200 -0.504 0.182
39225 -0.511 0.181
39250 -0.513 0.179
39275 -0.517 0.177
39300 -0.515 0.176
39325 -0.509 0.175
39350 -0.496 0.173
39375 -0.498 0.176
39400 -0.486 0.176
39425 -0.477 0.174
39450 -0.465 0.172
39475 -0.453 0.173
39500 -0.429 0.173
39525 -0.404 0.172
39550 -0.391 0.174
39575 -0.376 0.169
39600 -0.369 0.163
39625 -0.354 0.164
39650 -0.338 0.157
39675 -0.33 0.156
39700 -0.318 0.144
39725 -0.306 0.147
39750 -0.3 0.139
39775 -0.297 0.129
39800 -0.288 0.126
39825 -0.285 0.126
39850 -0.275 0.123
39875 -0.273 0.123
39900 -0.273 0.116
39925 -0.27 0.114
39950 -0.273 0.121
39975 -0.273 0.127
40000 -0.265 0.138
40025 -0.252 0.151
40050 -0.246 0.161
40075 -0.236 0.171
40100 -0.217 0.181
40125 -0.21 0.189
40150 -0.192 0.198
40175 -0.176 0.201
40200 -0.163 0.208
40225 -0.136 0.212
40250 -0.098 0.217
40275 -0.046 0.219
40300 -0.006 0.218
40325 0.038 0.217
40350 0.069 0.216
40375 0.085 0.212
40400 0.103 0.205
40425 0.112 0.196
40450 0.117 0.185
40475 0.126 0.178
40500 0.135 0.171
40525 0.142 0.157
40550 0.145 0.14
40575 0.144 0.137
40600 0.146 0.136
40625 0.145 0.138
40650 0.137 0.143
40675 0.131 0.146
40700 0.122 0.146
40725 0.114 0.148
40750 0.1 0.149
40775 0.088 0.15
40800 0.06 0.15
40825 0.051 0.148
40850 0.043 0.152
40875 0.034 0.15
40900 0.028 0.15
40925 0.017 0.15
40950 0.015 0.148
40975 0.018 0.145
41000 0.008 0.147
41025 0.01 0.152
41050 0.015 0.148
41075 0.01 0.145
41100 -0.004 0.14
41125 -0.011 0.145
41150 -0.013 0.14
41175 -0.011 0.141
41200 -0.024 0.138
41225 -0.034 0.135
41250 -0.032 0.13
41275 -0.041 0.126
41300 -0.057 0.13
41325 -0.059 0.125
41350 -0.064 0.119
41375 -0.073 0.115
41400 -0.078 0.118
41425 -0.079 0.113
41450 -0.085 0.111
41475 -0.084 0.112
41500 -0.085 0.107
41525 -0.089 0.11
41550 -0.089 0.114
41575 -0.086 0.109
41600 -0.078 0.113
41625 -0.074 0.11
41650 -0.072 0.111
41675 -0.074 0.11
41700 -0.071 0.111
41725 -0.068 0.12
41750 -0.066 0.125
41775 -0.063 0.122
41800 -0.054 0.121
41825 -0.051 0.122
41850 -0.042 0.125
41875 -0.041 0.127
41900 -0.036 0.127
41925 -0.025 0.129
41950 -0.016 0.133
41975 -0.006 0.127
42000 0.004 0.131
42025 0.022 0.13
42050 0.033 0.13
42075 0.056 0.129
42100 0.077 0.127
42125 0.11 0.118
42150 0.105 0.126
42175 0.104 0.132
42200 0.101 0.136
42225 0.095 0.14
42250 0.088 0.147
42275 0.087 0.154
42300 0.084 0.16
42325 0.084 0.163
42350 0.074 0.165
42375 0.074 0.17
42400 0.067 0.17
42425 0.064 0.17
42450 0.054 0.172
42475 0.059 0.174
42500 0.047 0.177
42525 0.052 0.181
42550 0.046 0.18
42575 0.043 0.185
42600 0.042 0.183
42625 0.042 0.184
42650 0.044 0.183
42675 0.042 0.183
42700 0.045 0.184
42725 0.044 0.184
42750 0.053 0.183
42775 0.051 0.188
42800 0.058 0.188
42825 0.071 0.186
42850 0.08 0.185
42875 0.092 0.187
42900 0.101 0.183
42925 0.109 0.18
42950 0.118 0.176
42975 0.131 0.169
43000 0.135 0.157
43025 0.138 0.148
43050 0.141 0.136
43075 0.143 0.12
43100 0.144 0.098
43125 0.147 0.085
43150 0.143 0.08
43175 0.134 0.077
43200 0.121 0.076
43225 0.111 0.076
43250 0.104 0.077
43275 0.091 0.079
43300 0.085 0.08
43325 0.081 0.079
43350 0.077 0.08
43375 0.074 0.081
43400 0.074 0.083
43425 0.071 0.086
43450 0.074 0.093
43475 0.071 0.101
43500 0.07 0.106
43525 0.069 0.111
43550 0.066 0.116
43575 0.059 0.122
43600 0.049 0.13
43625 0.045 0.135
43650 0.032 0.141
43675 0.02 0.143
43700 -0.013 0.143
43725 -0.034 0.146
43750 -0.053 0.145
43775 -0.063 0.14
43800 -0.072 0.141
43825 -0.073 0.137
43850 -0.077 0.132
43875 -0.078 0.132
43900 -0.079 0.131
43925 -0.075 0.13
43950 -0.079 0.126
43975 -0.082 0.124
44000 -0.083 0.123
44025 -0.083 0.122
44050 -0.085 0.121
44075 -0.087 0.119
44100 -0.083 0.118
44125 -0.084 0.117
44150 -0.085 0.117
44175 -0.084 0.116
44200 -0.083 0.117
44225 -0.083 0.117
44250 -0.08 0.118
44275 -0.076 0.117
44300 -0.08 0.12
44325 -0.077 0.12
44350 -0.074 0.12
44375 -0.074 0.12
44400 -0.073 0.121
44425 -0.071 0.12
44450 -0.071 0.12
44475 -0.068 0.119
44500 -0.067 0.12
44525 -0.063 0.121
44550 -0.062 0.121
44575 -0.056 0.122
44600 -0.048 0.123
44625 -0.044 0.124
44650 -0.041 0.125
44675 -0.031 0.125
44700 -0.023 0.126
44725 -0.017 0.128
44750 -0.007 0.129
44775 0.002 0.131
44800 0.015 0.131
44825 0.029 0.131
44850 0.041 0.131
44875 0.049 0.126
44900 0.061 0.123
44925 0.07 0.117
44950 0.078 0.113
44975 0.082 0.108
45000 0.082 0.102
45025 0.085 0.096
45050 0.084 0.089
45075 0.088 0.084
45100 0.087 0.08
45125 0.088 0.077
45150 0.087 0.073
45175 0.086 0.073
45200 0.082 0.072
45225 0.078 0.071
45250 0.075 0.071
45275 0.075 0.07
45300 0.066 0.069
45325 0.064 0.07
45350 0.062 0.07
45375 0.06 0.07
45400 0.058 0.069
45425 0.06 0.067
45450 0.062 0.068
45475 0.065 0.068
45500 0.069 0.067
45525 0.075 0.068
45550 0.084 0.068
45575 0.086 0.066
45600 0.09 0.064
45625 0.091 0.064
45650 0.092 0.064
45675 0.094 0.064
45700 0.094 0.064
45725 0.092 0.066
45750 0.095 0.069
45775 0.095 0.075
45800 0.102 0.081
45825 0.111 0.087
45850 0.118 0.09
45875 0.132 0.09
45900 0.143 0.092
45925 0.154 0.09
45950 0.165 0.086
45975 0.169 0.083
46000 0.173 0.081
46025 0.181 0.083
46050 0.184 0.086
46075 0.187 0.089
46100 0.199 0.091
46125 0.213 0.095
46150 0.242 0.096
46175 0.258 0.092
46200 0.27 0.09
46225 0.282 0.087
46250 0.29 0.083
46275 0.291 0.08
46300 0.292 0.078
46325 0.293 0.075
46350 0.291 0.074
46375 0.293 0.073
46400 0.29 0.073
46425 0.286 0.076
46450 0.284 0.078
46475 0.285 0.077
46500 0.285 0.08
46525 0.285 0.087
46550 0.285 0.092
46575 0.285 0.092
46600 0.284 0.093
46625 0.284 0.095
46650 0.282 0.099
46675 0.271 0.103
46700 0.259 0.107
46725 0.251 0.105
46750 0.242 0.104
46775 0.229 0.103
46800 0.217 0.094
46825 0.212 0.09
46850 0.209 0.084
46875 0.208 0.076
46900 0.207 0.075
46925 0.21 0.071
46950 0.21 0.071
46975 0.207 0.071
47000 0.202 0.072
47025 0.203 0.072
47050 0.202 0.072
47075 0.196 0.074
47100 0.191 0.078
47125 0.188 0.087
47150 0.184 0.097
47175 0.183 0.11
47200 0.18 0.123
47225 0.179 0.138
47250 0.171 0.151
47275 0.157 0.165
47300 0.136 0.176
47325 0.105 0.185
47350 0.02 0.187
47375 -0.049 0.186
47400 -0.087 0.185
47425 -0.109 0.177
47450 -0.125 0.174
47475 -0.134 0.167
47500 -0.141 0.159
47525 -0.148 0.149
47550 -0.154 0.143
47575 -0.16 0.136
47600 -0.165 0.126
47625 -0.169 0.121
47650 -0.174 0.116
47675 -0.178 0.112
47700 -0.183 0.109
47725 -0.187 0.106
47750 -0.191 0.107
47775 -0.197 0.111
47800 -0.205 0.114
47825 -0.21 0.114
47850 -0.216 0.115
47875 -0.222 0.115
47900 -0.23 0.115
47925 -0.232 0.116
47950 -0.236 0.116
47975 -0.242 0.117
48000 -0.248 0.119
48025 -0.249 0.12
48050 -0.255 0.12
48075 -0.258 0.123
48100 -0.262 0.126
48125 -0.264 0.13
48150 -0.265 0.134
48175 -0.266 0.137
48200 -0.27 0.141
48225 -0.267 0.145
48250 -0.267 0.148
48275 -0.266 0.151
48300 -0.268 0.155
48325 -0.265 0.158
48350 -0.261 0.161
48375 -0.261 0.162
48400 -0.259 0.164
48425 -0.257 0.166
48450 -0.252 0.169
48475 -0.247 0.171
48500 -0.242 0.17
48525 -0.238 0.17
48550 -0.234 0.171
48575 -0.231 0.17
48600 -0.224 0.169
48625 -0.212 0.169
48650 -0.206 0.17
48675 -0.193 0.171
48700 -0.187 0.169
48725 -0.176 0.168
48750 -0.165 0.169
48775 -0.154 0.165
48800 -0.143 0.162
48825 -0.129 0.157
48850 -0.121 0.153
48875 -0.11 0.151
48900 -0.098 0.148
48925 -0.084 0.145
48950 -0.073 0.141
48975 -0.06 0.137
49000 -0.047 0.131
49025 -0.023 0.128
49050 0.003 0.124
49075 0.032 0.122
49100 0.048 0.119
49125 0.064 0.117
49150 0.077 0.114
49175 0.088 0.111
49200 0.095 0.108
49225 0.1 0.105
49250 0.11 0.104
49275 0.119 0.103
49300 0.125 0.101
49325 0.135 0.1
49350 0.141 0.1
49375 0.149 0.097
49400 0.157 0.097
49425 0.166 0.097
49450 0.171 0.098
49475 0.177 0.098
49500 0.187 0.099
49525 0.195 0.1
49550 0.2 0.102
49575 0.208 0.104
49600 0.218 0.106
49625 0.224 0.109
49650 0.231 0.111
49675 0.238 0.113
49700 0.245 0.116
49725 0.256 0.115
49750 0.261 0.118
49775 0.268 0.12
49800 0.275 0.121
49825 0.283 0.123
49850 0.292 0.125
49875 0.296 0.128
49900 0.303 0.129
49925 0.31 0.132
49950 0.315 0.136
49975 0.32 0.137
50000 0.32 0.14
