"Age_yrs_b2k" "norm_units"
10750 0.634
10775 0.809
10800 0.536
10825 0.694
10850 0.581
10875 0.568
10900 0.647
10925 0.465
10950 0.535
10975 0.538
11000 0.787
11025 0.594
11050 0.717
11075 0.704
11100 0.464
11125 0.565
11150 0.405
11175 0.454
11200 0.316
11225 0.623
11250 0.602
11275 0.688
11300 0.55
11325 0.388
11350 0.356
11375 0.236
11400 0.098
11425 0.318
11450 0.221
11475 0.182
11500 0.443
11525 0.246
11550 0.765
11575 0.508
11600 0.455
11625 0.592
11650 0.662
11675 0.208
11700 -0.007
11725 -0.54
11750 -0.175
11775 -0.292
11800 -0.644
11825 -0.176
11850 -0.535
11875 -0.245
11900 -0.623
11925 -0.594
11950 -0.358
11975 -0.291
12000 -0.221
12025 -0.503
12050 -0.415
12075 -0.353
12100 -0.294
12125 -0.43
12150 -0.633
12175 -0.422
12200 -0.399
12225 -0.56
12250 -0.354
12275 -0.543
12300 -0.604
12325 -0.338
12350 -0.778
12375 -0.493
12400 -0.63
12425 -0.223
12450 -0.592
12475 -0.496
12500 -0.401
12525 -0.472
12550 -0.614
12575 -0.729
12600 -0.696
12625 -0.523
12650 -0.803
12675 -0.697
12700 -0.674
12725 -0.837
12750 -0.912
12775 -0.685
12800 -0.48
12825 -0.232
12850 -0.222
12875 -0.024
12900 -0.122
12925 0.093
12950 -0.062
12975 0.299
13000 0.099
13025 -0.151
13050 0.141
13075 -0.034
13100 -0.193
13125 -0.293
13150 -0.487
13175 -0.054
13200 -0.317
13225 -0.262
13250 -0.128
13275 -0.221
13300 0.065
13325 -0.059
13350 0.312
13375 0.071
13400 0.229
13425 0.011
13450 0.259
13475 0.196
13500 0.277
13525 0.646
13550 0.31
13575 0.222
13600 0.26
13625 -0.156
13650 0.263
13675 0.265
13700 0.425
13725 0.245
13750 0.462
13775 0.269
13800 0.223
13825 0.355
13850 0.164
13875 0.326
13900 0.265
13925 0.345
13950 0.471
13975 0.089
14000 -0.162
14025 -0.373
14050 -0.178
14075 -0.053
14100 0.382
14125 0.452
14150 0.225
14175 0.169
14200 0.351
14225 0.32
14250 0.559
14275 0.503
14300 0.723
14325 0.933
14350 0.749
14375 0.547
14400 0.84
14425 0.612
14450 0.787
14475 0.605
14500 0.873
14525 0.734
14550 0.829
14575 0.635
14600 0.788
14625 0.653
14650 0.701
14675 0.355
14700 0.053
14725 0.042
14750 -0.462
14775 -0.439
14800 -0.086
14825 -0.12
14850 0.016
14875 -0.18
14900 -0.558
14925 -0.303
14950 -0.083
14975 -0.259
15000 0.052
15025 -0.178
15050 -0.307
15075 -0.207
15100 -0.408
15125 -0.292
15150 -0.11
15175 -0.399
15200 -0.161
15225 -0.098
15250 -0.129
15275 0.05
15300 -0.066
15325 -0.297
15350 -0.117
15375 -0.18
15400 -0.128
15425 -0.218
15450 -0.293
15475 -0.311
15500 -0.287
15525 -0.151
15550 -0.387
15575 -0.525
15600 -0.616
15625 -0.321
15650 -0.066
15675 -0.072
15700 -0.18
15725 -0.039
15750 -0.512
15775 -0.383
15800 -0.292
15825 -0.241
15850 -0.405
15875 -0.297
15900 -0.385
15925 -0.188
15950 -0.383
15975 -0.266
16000 -0.229
16025 -0.584
16050 -0.697
16075 -0.416
16100 -0.565
16125 -0.458
16150 -0.634
16175 -0.457
16200 -0.169
16225 -0.256
16250 -0.208
16275 -0.101
16300 -0.097
16325 0.004
16350 -0.181
16375 -0.108
16400 -0.249
16425 -0.038
16450 -0.46
16475 -0.3
16500 -0.315
16525 -0.158
16550 -0.114
16575 -0.008
16600 0.072
16625 -0.039
16650 -0.295
16675 -0.182
16700 -0.254
16725 -0.107
16750 -0.467
16775 -0.422
16800 -0.266
16825 -0.035
16850 -0.326
16875 -0.013
16900 -0.273
16925 -0.24
16950 -0.479
16975 -0.574
17000 -0.352
17025 -0.176
17050 -0.18
17075 -0.311
17100 -0.079
17125 -0.032
17150 -0.37
17175 -0.415
17200 -0.279
17225 -0.266
17250 0.116
17275 -0.5
17300 -0.464
17325 -0.299
17350 -0.302
17375 -0.192
17400 -0.337
17425 -0.302
17450 -0.575
17475 -0.516
17500 -0.073
17525 0.034
17550 0.085
17575 0.018
17600 -0.092
17625 -0.094
17650 -0.108
17675 0.16
17700 0.29
17725 -0.079
17750 -0.016
17775 0.349
17800 -0.062
17825 -0.023
17850 0.17
17875 -0.077
17900 0.24
17925 0.142
17950 0.186
17975 -0.146
18000 0.348
18025 -0.131
18050 -0.089
18075 -0.077
18100 -0.295
18125 -0.268
18150 0.057
18175 0.329
18200 0.259
18225 -0.079
18250 -0.03
18275 -0.345
18300 0.031
18325 0.276
18350 -0.205
18375 0.038
18400 0.14
18425 0.263
18450 0.244
18475 0.171
18500 -0.178
18525 0.215
18550 0.015
18575 -0.094
18600 0.156
18625 -0.204
18650 0.094
18675 0.221
18700 0.057
18725 0.203
18750 0.122
18775 -0.109
18800 -0.274
18825 -0.284
18850 -0.209
18875 -0.25
18900 -0.093
18925 -0.013
18950 0.36
18975 0.064
19000 0.081
19025 0.116
19050 0.087
19075 -0.182
19100 0.158
19125 0.231
19150 0.045
19175 0.129
19200 0.009
19225 0.177
19250 -0.064
19275 -0.15
19300 0.131
19325 0.006
19350 0.106
19375 0.003
19400 0.35
19425 0.13
19450 0.31
19475 -0.339
19500 -0.092
19525 -0.091
19550 0.074
19575 -0.093
19600 0.081
19625 0.069
19650 -0.09
19675 0.003
19700 0.022
19725 -0.242
19750 -0.23
19775 -0.308
19800 -0.261
19825 -0.114
19850 -0.203
19875 -0.01
19900 -0.053
19925 -0.034
19950 -0.088
19975 -0.346
20000 -0.42
20025 -0.231
20050 -0.195
20075 -0.306
20100 -0.25
20125 0.148
20150 -0.144
20175 -0.169
20200 -0.167
20225 0.082
20250 -0.079
20275 -0.307
20300 -0.252
20325 -0.267
20350 -0.281
20375 -0.138
20400 -0.164
20425 -0.337
20450 -0.412
20475 -0.442
20500 -0.252
20525 -0.37
20550 -0.437
20575 0.019
20600 -0.263
20625 -0.121
20650 0.051
20675 -0.126
20700 0.302
20725 -0.057
20750 -0.255
20775 -0.047
20800 -0.112
20825 -0.192
20850 -0.137
20875 -0.196
20900 -0.082
20925 0.08
20950 -0.273
20975 -0.523
21000 -0.295
21025 -0.356
21050 -0.315
21075 -0.109
21100 -0.346
21125 -0.284
21150 -0.385
21175 -0.36
21200 -0.112
21225 -0.358
21250 -0.368
21275 -0.336
21300 -0.195
21325 -0.185
21350 -0.301
21375 -0.495
21400 -0.534
21425 -0.321
21450 -0.348
21475 -0.314
21500 -0.517
21525 -0.638
21550 -0.51
21575 -0.538
21600 -0.15
21625 -0.03
21650 -0.384
21675 -0.382
21700 -0.148
21725 -0.361
21750 -0.48
21775 -0.628
21800 -0.51
21825 -0.392
21850 -0.298
21875 -0.119
21900 -0.028
21925 -0.122
21950 -0.28
21975 -0.323
22000 -0.197
22025 -0.403
22050 -0.578
22075 -0.201
22100 -0.2
22125 -0.248
22150 -0.41
22175 -0.246
22200 -0.155
22225 -0.104
22250 -0.183
22275 -0.127
22300 -0.087
22325 -0.071
22350 -0.318
22375 -0.403
22400 -0.51
22425 -0.536
22450 -0.336
22475 -0.3
22500 -0.283
22525 -0.178
22550 -0.192
22575 -0.241
22600 -0.212
22625 -0.076
22650 -0.2
22675 -0.386
22700 -0.65
22725 -0.311
22750 -0.001
22775 0.151
22800 -0.187
22825 -0.237
22850 -0.33
22875 -0.112
22900 -0.102
22925 0.06
22950 0.284
22975 0.469
23000 0.261
23025 0.1
23050 -0.203
23075 -0.197
23100 -0.33
23125 -0.336
23150 -0.457
23175 -0.307
23200 -0.357
23225 -0.225
23250 -0.071
23275 0.146
23300 0.456
23325 0.599
23350 0.605
23375 0.275
23400 0.11
23425 0.305
23450 -0.069
23475 -0.334
23500 -0.338
23525 -0.178
23550 -0.351
23575 -0.397
23600 -0.398
23625 -0.31
23650 -0.314
23675 -0.59
23700 -0.738
23725 -0.733
23750 -0.561
23775 -0.28
23800 -0.41
23825 -0.414
23850 -0.587
23875 -1
23900 -0.719
23925 -0.548
23950 -0.473
23975 -0.511
24000 -0.491
24025 -0.495
24050 -0.542
24075 -0.691
24100 -0.819
24125 -0.632
24150 -0.217
24175 -0.347
24200 -0.402
24225 -0.425
24250 -0.417
24275 -0.27
24300 -0.193
24325 -0.163
24350 -0.141
24375 -0.124
24400 -0.165
24425 -0.247
24450 -0.281
24475 -0.288
24500 -0.132
24525 0.146
24550 -0.091
24575 -0.238
24600 -0.181
24625 0.169
24650 -0.409
24675 -0.53
24700 -0.375
24725 -0.265
24750 -0.021
24775 0.074
24800 -0.023
24825 -0.375
24850 -0.39
24875 -0.356
24900 -0.361
24925 -0.159
24950 -0.091
24975 -0.115
25000 -0.186
25025 0.129
25050 0.264
25075 0.202
25100 0.065
25125 -0.042
25150 -0.134
25175 -0.257
25200 -0.31
25225 -0.275
25250 -0.08
25275 -0.208
25300 -0.313
25325 -0.331
25350 -0.226
25375 -0.254
25400 -0.347
25425 -0.015
25450 -0.01
25475 -0.182
25500 -0.337
25525 -0.203
25550 -0.15
25575 -0.483
25600 -0.462
25625 -0.46
25650 -0.545
25675 -0.513
25700 -0.598
25725 -0.735
25750 -0.33
25775 -0.339
25800 -0.477
25825 -0.286
25850 -0.131
25875 -0.109
25900 -0.334
25925 -0.241
25950 -0.166
25975 -0.185
26000 -0.234
26025 -0.212
26050 -0.119
26075 0.003
26100 -0.101
26125 -0.267
26150 -0.195
26175 -0.019
26200 0.098
26225 0.009
26250 -0.03
26275 -0.124
26300 -0.263
26325 -0.091
26350 0.071
26375 0.083
26400 -0.094
26425 -0.406
26450 -0.366
26475 -0.24
26500 -0.103
26525 -0.029
26550 -0.243
26575 -0.305
26600 -0.196
26625 -0.215
26650 -0.009
26675 0.103
26700 0.002
26725 -0.428
26750 -0.327
26775 -0.133
26800 -0.113
26825 -0.152
26850 -0.174
26875 -0.172
26900 -0.114
26925 0.028
26950 -0.179
26975 -0.426
27000 0.079
27025 0.061
27050 -0.125
27075 -0.353
27100 -0.295
27125 -0.062
27150 0.129
27175 0.188
27200 0.097
27225 0.097
27250 -0.002
27275 -0.334
27300 -0.369
27325 -0.163
27350 0.006
27375 -0.218
27400 -0.317
27425 -0.324
27450 -0.193
27475 0.178
27500 0.049
27525 0.113
27550 0.45
27575 0.856
27600 0.486
27625 0.68
27650 0.691
27675 0.509
27700 0.583
27725 0.867
27750 1
27775 0.917
27800 0.286
27825 0.017
27850 -0.075
27875 -0.145
27900 -0.148
27925 0.079
27950 -0.003
27975 -0.219
28000 -0.152
28025 -0.228
28050 -0.423
28075 -0.311
28100 -0.345
28125 -0.56
28150 -0.197
28175 -0.033
28200 -0.261
28225 -0.257
28250 -0.221
28275 -0.222
28300 -0.081
28325 0.041
28350 -0.023
28375 -0.125
28400 -0.233
28425 -0.319
28450 -0.346
28475 -0.327
28500 -0.197
28525 -0.131
28550 -0.194
28575 0.237
28600 0.555
28625 0.333
28650 0.651
28675 0.749
28700 0.611
28725 0.724
28750 0.474
28775 0.84
28800 0.822
28825 0.618
28850 0.656
28875 0.758
28900 0.742
28925 0.492
28950 0.031
28975 -0.214
29000 -0.223
29025 -0.252
29050 -0.276
29075 -0.127
29100 -0.033
29125 0.021
29150 -0.134
29175 -0.318
29200 -0.204
29225 -0.115
29250 -0.085
29275 -0.001
29300 0.156
29325 -0.037
29350 -0.401
29375 -0.341
29400 -0.218
29425 -0.164
29450 -0.192
29475 -0.448
29500 -0.474
29525 -0.265
29550 -0.198
29575 -0.2
29600 -0.299
29625 -0.374
29650 -0.091
29675 -0.013
29700 -0.382
29725 -0.501
29750 -0.399
29775 -0.424
29800 -0.48
29825 -0.554
29850 -0.537
29875 -0.28
29900 -0.224
29925 -0.37
29950 -0.555
29975 -0.758
30000 -0.417
30025 -0.198
30050 -0.383
30075 -0.361
30100 -0.101
30125 -0.143
30150 -0.299
30175 -0.253
30200 -0.223
30225 -0.311
30250 -0.434
30275 -0.609
30300 -0.574
30325 -0.447
30350 -0.343
30375 -0.259
30400 -0.243
30425 -0.266
30450 -0.336
30475 -0.299
30500 -0.197
30525 -0.329
30550 -0.457
30575 -0.402
30600 -0.315
30625 -0.186
30650 -0.052
30675 0.066
30700 0.103
30725 0.075
30750 0.069
30775 0.201
30800 0.01
30825 -0.272
30850 -0.418
30875 -0.303
30900 -0.083
30925 -0.232
30950 -0.342
30975 -0.425
31000 -0.44
31025 -0.435
31050 -0.401
31075 -0.341
31100 -0.236
31125 -0.074
31150 -0.241
31175 -0.409
31200 -0.424
31225 -0.306
31250 -0.148
31275 -0.02
31300 -0.196
31325 -0.466
31350 -0.334
31375 -0.359
31400 -0.475
31425 -0.27
31450 -0.184
31475 -0.249
31500 -0.31
31525 -0.372
31550 -0.42
31575 -0.471
31600 -0.511
31625 -0.481
31650 -0.5
31675 -0.568
31700 -0.39
31725 -0.292
31750 -0.291
31775 -0.337
31800 -0.28
31825 -0.022
31850 -0.196
31875 -0.384
31900 -0.22
31925 -0.216
31950 -0.249
31975 -0.089
32000 -0.03
32025 -0.047
32050 -0.028
32075 0.038
32100 -0.005
32125 -0.052
32150 0.105
32175 0.351
32200 0.439
32225 0.35
32250 0.369
32275 0.44
32300 0.486
32325 0.442
32350 0.381
32375 0.493
32400 0.397
32425 0.476
32450 0.496
32475 0.635
32500 0.436
32525 0.138
32550 -0.141
32575 -0.303
32600 -0.199
32625 -0.085
32650 -0.137
32675 -0.287
32700 -0.323
32725 -0.225
32750 -0.295
32775 -0.304
32800 -0.265
32825 -0.214
32850 -0.334
32875 -0.45
32900 -0.431
32925 -0.385
32950 -0.339
32975 -0.322
33000 -0.64
33025 -0.677
33050 -0.538
33075 -0.416
33100 -0.21
33125 -0.109
33150 -0.249
33175 -0.394
33200 -0.354
33225 -0.143
33250 -0.196
33275 -0.129
33300 0.014
33325 0.153
33350 0.199
33375 0.226
33400 0.28
33425 0.232
33450 0.259
33475 0.362
33500 0.451
33525 0.389
33550 0.286
33575 0.319
33600 0.27
33625 0.264
33650 0.392
33675 0.578
33700 0.726
33725 0.691
33750 0.593
33775 0.418
33800 0.153
33825 -0.113
33850 -0.315
33875 -0.334
33900 -0.241
33925 -0.291
33950 -0.337
33975 -0.387
34000 -0.323
34025 -0.23
34050 -0.119
34075 -0.15
34100 -0.29
34125 -0.098
34150 -0.007
34175 -0.198
34200 -0.319
34225 -0.405
34250 -0.373
34275 -0.3
34300 -0.173
34325 -0.215
34350 -0.255
34375 -0.241
34400 -0.321
34425 -0.403
34450 -0.338
34475 -0.255
34500 -0.174
34525 -0.291
34550 -0.249
34575 -0.074
34600 -0.293
34625 -0.389
34650 -0.21
34675 -0.254
34700 -0.419
34725 -0.324
34750 -0.025
34775 0.14
34800 0.183
34825 0.279
34850 0.162
34875 0.114
34900 0.071
34925 0.029
34950 -0.032
34975 0.066
35000 0.18
35025 0.232
35050 0.188
35075 0.516
35100 0.515
35125 0.29
35150 0.374
35175 0.515
35200 0.55
35225 0.456
35250 0.489
35275 0.406
35300 0.375
35325 0.375
35350 0.618
35375 0.647
35400 0.322
35425 0.665
35450 0.489
35475 0.325
35500 0.2
35525 -0.021
35550 -0.403
35575 -0.461
35600 -0.442
35625 -0.318
35650 -0.24
35675 -0.201
35700 -0.268
35725 -0.369
35750 -0.315
35775 -0.277
35800 -0.304
35825 -0.34
35850 -0.381
35875 -0.403
35900 -0.402
35925 -0.458
35950 -0.527
35975 -0.745
36000 -0.9
36025 -0.637
36050 -0.445
36075 -0.406
36100 -0.334
36125 -0.239
36150 -0.251
36175 -0.31
36200 -0.365
36225 -0.411
36250 -0.34
36275 -0.348
36300 -0.529
36325 -0.569
36350 -0.457
36375 -0.472
36400 -0.541
36425 -0.491
36450 -0.418
36475 -0.309
36500 -0.256
36525 -0.372
36550 -0.389
36575 -0.309
36600 -0.199
36625 -0.103
36650 -0.002
36675 0.125
36700 -0.003
36725 0.087
36750 0.294
36775 0.262
36800 0.118
36825 0.202
36850 0.158
36875 -0.022
36900 -0.141
36925 -0.16
36950 -0.21
36975 0.119
37000 0.131
37025 -0.033
37050 -0.086
37075 0.028
37100 0.093
37125 0.026
37150 0.193
37175 0.127
37200 0.37
37225 0.222
37250 0.243
37275 0.308
37300 0.26
37325 0.436
37350 0.219
37375 0.23
37400 0.227
37425 0.249
37450 0.246
37475 0.351
37500 0.297
37525 0.412
37550 0.445
37575 0.283
37600 0.281
37625 0.423
37650 0.382
37675 0.324
37700 0.282
37725 0.154
37750 0.42
37775 0.528
37800 0.392
37825 0.533
37850 0.46
37875 0.414
37900 0.415
37925 0.471
37950 0.476
37975 0.402
38000 0.375
38025 0.582
38050 0.497
38075 0.54
38100 0.607
38125 0.692
38150 0.629
38175 0.544
38200 0.461
38225 0.134
38250 -0.137
38275 -0.257
38300 -0.224
38325 -0.175
38350 -0.201
38375 -0.234
38400 -0.275
38425 -0.298
38450 -0.284
38475 -0.354
38500 -0.491
38525 -0.486
38550 -0.416
38575 -0.386
38600 -0.368
38625 -0.591
38650 -0.706
38675 -0.433
38700 -0.375
38725 -0.682
38750 -0.773
38775 -0.693
38800 -0.639
38825 -0.6
38850 -0.594
38875 -0.597
38900 -0.61
38925 -0.624
38950 -0.623
38975 -0.572
39000 -0.433
39025 -0.42
39050 -0.502
39075 -0.547
39100 -0.574
39125 -0.58
39150 -0.586
39175 -0.712
39200 -0.77
39225 -0.607
39250 -0.506
39275 -0.508
39300 -0.492
39325 -0.467
39350 -0.619
39375 -0.842
39400 -0.815
39425 -0.761
39450 -0.691
39475 -0.666
39500 -0.776
39525 -0.767
39550 -0.573
39575 -0.461
39600 -0.405
39625 -0.453
39650 -0.535
39675 -0.496
39700 -0.447
39725 -0.505
39750 -0.549
39775 -0.565
39800 -0.578
39825 -0.594
39850 -0.528
39875 -0.406
39900 -0.332
39925 -0.279
39950 -0.16
39975 -0.056
40000 -0.151
40025 -0.199
40050 -0.088
40075 0.071
40100 0.307
40125 0.194
40150 -0.164
40175 -0.319
40200 -0.402
40225 -0.517
40250 -0.567
40275 -0.341
40300 -0.23
40325 -0.29
40350 -0.355
40375 -0.429
40400 -0.385
40425 -0.345
40450 -0.401
40475 -0.413
40500 -0.34
40525 -0.349
40550 -0.405
40575 -0.512
40600 -0.624
40625 -0.712
40650 -0.658
40675 -0.302
40700 -0.32
40725 -0.652
40750 -0.688
40775 -0.645
40800 -0.515
40825 -0.373
40850 -0.186
40875 -0.167
40900 -0.311
40925 -0.321
40950 -0.284
40975 -0.25
41000 -0.107
41025 -0.015
41050 0.053
41075 0.161
41100 0.087
41125 0.017
41150 -0.017
41175 -0.058
41200 0.034
41225 0.122
41250 -0.001
41275 0.033
41300 0.229
41325 0.254
41350 0.228
41375 0.243
41400 0.285
41425 0.369
41450 0.414
41475 0.371
41500 0.282
41525 0.141
41550 -0.043
41575 -0.252
41600 -0.246
41625 -0.211
41650 -0.334
41675 -0.439
41700 -0.451
41725 -0.518
41750 -0.669
41775 -0.628
41800 -0.419
41825 -0.471
41850 -0.622
41875 -0.542
41900 -0.449
41925 -0.645
41950 -0.788
41975 -0.776
42000 -0.688
42025 -0.496
42050 -0.47
42075 -0.568
42100 -0.695
42125 -0.835
42150 -0.754
42175 -0.646
42200 -0.408
42225 -0.282
42250 -0.427
42275 -0.346
42300 -0.086
42325 0.06
42350 0.037
42375 -0.177
42400 -0.205
42425 -0.198
42450 -0.146
42475 -0.214
42500 -0.266
42525 -0.268
42550 -0.066
42575 0.01
42600 -0.207
42625 -0.159
42650 -0.119
42675 -0.206
42700 0.021
42725 0.164
42750 0.112
42775 0.217
42800 0.163
42825 0.052
42850 0.133
42875 0.156
42900 0.181
42925 0.132
42950 0.125
42975 0.098
43000 0.157
43025 0.36
43050 0.428
43075 0.363
43100 0.5
43125 0.199
43150 0.229
43175 0.31
43200 0.322
43225 0.208
43250 0.089
43275 0.151
43300 0.293
43325 0.123
43350 -0.133
43375 -0.299
43400 -0.415
43425 -0.513
43450 -0.6
43475 -0.688
43500 -0.772
43525 -0.818
43550 -0.84
43575 -0.801
43600 -0.704
43625 -0.666
43650 -0.7
43675 -0.73
43700 -0.74
43725 -0.748
43750 -0.722
43775 -0.696
43800 -0.587
43825 -0.482
43850 -0.45
43875 -0.428
43900 -0.507
43925 -0.616
43950 -0.633
43975 -0.611
44000 -0.578
44025 -0.545
44050 -0.563
44075 -0.66
44100 -0.703
44125 -0.633
44150 -0.56
44175 -0.49
44200 -0.424
44225 -0.485
44250 -0.542
44275 -0.493
44300 -0.431
44325 -0.318
44350 -0.189
44375 -0.1
44400 -0.035
44425 -0.018
44450 0.051
44475 0.137
44500 0.23
44525 0.059
44550 -0.074
44575 -0.182
44600 -0.151
44625 -0.135
44650 -0.222
44675 -0.224
44700 -0.133
44725 -0.128
44750 -0.14
44775 -0.141
44800 -0.128
44825 -0.098
44850 -0.077
44875 -0.05
44900 0.049
44925 0.01
44950 -0.115
44975 -0.182
45000 -0.206
45025 -0.191
45050 -0.142
45075 -0.05
45100 0.117
45125 0.069
45150 0.01
45175 -0.008
45200 0.016
45225 0.018
45250 -0.062
45275 -0.016
45300 0.052
45325 -0.03
45350 -0.069
45375 -0.083
45400 -0.031
45425 0.022
45450 0.091
45475 0.189
45500 0.273
45525 0.28
45550 0.272
45575 0.257
45600 0.224
45625 0.242
45650 0.37
45675 0.308
45700 0.27
45725 0.393
45750 0.223
45775 0.157
45800 0.313
45825 0.209
45850 0.214
45875 0.372
45900 0.414
45925 0.329
45950 0.365
45975 0.376
46000 0.328
46025 0.282
46050 0.392
46075 0.48
46100 0.55
46125 0.45
46150 0.375
46175 0.497
46200 0.463
46225 0.459
46250 0.555
46275 0.435
46300 0.453
46325 0.385
46350 0.528
46375 0.595
46400 0.526
46425 0.453
46450 0.396
46475 0.408
46500 0.569
46525 0.743
46550 0.486
46575 0.439
46600 0.353
46625 0.436
46650 0.524
46675 0.558
46700 0.67
46725 0.668
46750 0.666
46775 0.684
46800 0.714
46825 0.742
46850 0.759
46875 0.72
46900 0.55
46925 0.22
46950 -0.251
46975 -0.368
47000 -0.365
47025 -0.367
47050 -0.388
47075 -0.49
47100 -0.527
47125 -0.5
47150 -0.489
47175 -0.491
47200 -0.451
47225 -0.415
47250 -0.446
47275 -0.481
47300 -0.43
47325 -0.356
47350 -0.288
47375 -0.235
47400 -0.185
47425 -0.262
47450 -0.335
47475 -0.359
47500 -0.357
47525 -0.341
47550 -0.285
47575 -0.233
47600 -0.418
47625 -0.612
47650 -0.543
47675 -0.319
47700 -0.203
47725 -0.397
47750 -0.587
47775 -0.54
47800 -0.464
47825 -0.434
47850 -0.443
47875 -0.457
47900 -0.505
47925 -0.556
47950 -0.597
47975 -0.637
48000 -0.673
